4.5234184 -0.5140929 -3.5666728 -2.5562158 3.0813904 3.999115 -1.2369812 1.4945974 
-4.6301284 2.856719 4.478817 -3.0460315 4.4639206 -2.5185285 0.22149801 -2.123776 
4.1211452 0.6217737 -0.47439384 4.7194843 -2.0572808 -0.17826986 4.8978157 2.558064 
-0.20938349 -1.2625206 0.20380211 1.4583082 -0.23075342 -2.4364786 1.211812 4.4857016 
-2.4496486 3.2566109 -3.356885 -3.4838295 -1.146765 -1.2688959 -1.8560743 -1.2079511 
-903.42413 -2.2515254 -4.7796264 -497.83804 4.5285425 -2715.9016 -2089.487 -228.8713 
-143.87991 -97.2839 0.37551832 -112.94208 -0.048052788 -555.32306 -391.21213 -47.03248 
-2.5634637 2.2811728 4.941393 3.4184036 -4.294821 3.6370697 -2.5626776 2.352003 
-3.0699754 -0.6441984 2.9326434 4.5695944 0.67052126 -2.5753877 -2.8411598 -2.8451612 
45.92077 23.92564 1.239027 22.01247 1.6212023 115.66196 110.23156 4.9619713 
3.7001414 2.7724128 1.120408 -2.3851666 0.50043106 -2.355946 -1.4069175 6.935636 -2.5872762 4.89823 
