4 0.1 0.0 
90 4 
-2.4485345 -4.0011024 3.3717859 -5.222346 -2.8236709 -7.4105287 3.0208411 -3.5678422 -0.40988982 -4.0897884 2.5747905 -7.5145864 -1.3105035 -9.877432 -1.1295594 -6.2783713 -6.5048046 -9.156838 -5.8231077 -8.71749 -5.22011 -6.903995 1.0739278 -9.28555 -2.5291576 -2.3220906 -1.3638215 -0.8342198 -1.2141325 -7.567403 -4.0009885 -2.4025612 0.42530042 -1.0806593 -5.043837 -4.6599245 -6.4711256 -3.8584077 0.28340217 -1.3383857 -1.7153267 -6.812671 -2.4729774 -0.78224933 -6.833642 2.4162238 -2.430873 0.43369135 -5.582943 2.7084305 -0.5932106 2.8628538 -6.025792 2.7617621 -1.0116003 -0.37863448 2.0232348 -4.012671 -5.5697255 3.5071611 0.36364582 1.312321 -2.7495286 -3.5898867 -5.684236 1.5205427 -3.6166449 -0.13151112 -4.231724 1.4090923 -4.7683496 1.5326191 2.5891752 -3.9034638 -1.7670801 2.8365846 -3.1059322 -3.3349402 -6.3500247 2.462156 -6.164336 4.9875565 -2.4256678 -1.0770861 -1.0150579 -2.8846428 -3.5213387 -1.7030302 -2.4977868 -2.357714 
1.1698971 6.0370255 -1.0739715 2.6853511 4.5866504 2.4446504 5.2425113 -0.81880754 3.907976 0.47106665 3.5116498 7.073853 -2.1067555 6.206355 -3.0328448 -1.4537873 -3.4959068 2.2562957 2.240951 0.9885777 -0.3759197 -2.6981742 1.3960106 2.797535 -0.42775145 -1.1203331 3.4393492 -2.1483877 2.4666114 -2.059852 1.2535926 3.83712 0.4805479 0.7163039 4.159579 0.9821782 2.333608 -3.209632 4.672401 -2.2605681 0.6994494 4.927867 4.8235497 -2.0439172 2.710556 1.3203229 -2.258575 2.5552964 3.6250563 5.5923514 1.7573547 -2.5404634 6.09875 0.9824106 -2.7369318 1.9234048 3.1082833 3.697572 0.18810107 1.3864219 -1.8242074 5.0512743 3.5946362 -1.9758122 5.9421854 -1.4182069 4.6630473 0.6483696 4.5328455 -0.8956346 5.607534 3.9623592 3.5890326 -1.3413379 5.616027 1.1360377 2.9260457 -3.363761 4.8184175 2.3474329 3.2953703 -3.0874388 4.57115 3.9622316 4.6581345 -2.7526503 3.9887547 -1.8963689 6.495965 -2.8112257 
-1.6574061 2.892004 0.930031 2.343903 1.1447328 -4.8368616 -0.1658782 -1.1198132 -0.7144865 1.3448576 3.1493413 -0.47267705 -0.33861956 -3.225237 1.2562275 -1.5969393 1.7681558 -5.0103354 -0.92506826 -0.6796748 -0.9243528 0.22523876 -0.6624128 -5.6325154 -3.0643425 -2.9804204 3.3814383 -3.1427255 -0.482851 -5.0257936 1.2090173 -4.595619 3.6462598 -4.973381 -0.1979784 -6.766249 -0.12930322 -4.325927 5.436836 -4.850047 1.8290613 -0.59016633 -2.3078516 -2.3061855 4.623603 -3.3332868 3.0807378 -6.066265 1.6346269 -5.182425 -2.1198466 -4.387676 -0.1094842 -3.4678361 4.7962065 1.2039273 -4.558457 -3.294487 -3.3682394 0.5195808 -4.1631536 -1.3405162 2.135121 -3.2959561 1.341293 -3.8778927 -6.8585114 1.8468969 -0.23174743 -1.9698331 -0.40774155 -0.7380501 -4.0270786 -4.3490286 -4.5132713 -3.1839647 -7.6102834 -2.6300323 -4.142784 0.6080812 -5.4130206 0.34515378 -4.5402093 -2.402455 -3.3165307 -0.72963697 -5.053917 0.5731196 -5.502699 -1.2790356 
6.360887 7.296025 0.45132387 12.8740015 1.3693758 12.151564 5.7849674 6.6807528 7.340164 6.9238806 5.787472 4.6973095 7.8539505 4.34867 6.8305616 11.384433 1.3024244 7.137594 8.213096 11.896647 6.3407817 9.957194 7.9211793 11.593635 -0.223522 4.113729 7.404838 10.393652 2.8599958 8.74704 0.43240502 6.611858 4.4195585 6.1548142 2.1460898 2.2767532 0.6851848 8.212418 7.5203404 2.3550332 5.595251 3.6659582 10.039539 3.290563 2.9527597 6.0305204 8.577345 -1.5335816 6.997954 3.2281477 6.7042017 5.75423 5.596992 1.0492607 3.8855078 2.1230993 4.561704 1.1876087 3.62827 -1.3353215 -0.7306923 -4.3419724 -0.43078753 4.809434 6.7911515 2.044459 7.444385 -0.91436976 1.7821679 2.8509192 -0.03770282 -0.3712609 2.2787716 -0.6003163 -2.6423457 -3.822214 4.710437 -1.5527549 1.0942247 -3.7476165 -1.8633363 -1.3900014 -0.3575638 5.319933 0.83368593 -4.147773 6.8553815 2.9240582 3.0891047 4.3280053 

0.53351516 1.2928271 3.3827028 3.2785578 
1.3242025 1.9429054 -4.3180456 -2.8370948 
1.2100682 -1.6825223 -1.2311184 -1.6603365 
-3.171174 0.92839897 -2.3487453 4.296237 
